0 0.5546875 0.4755859359375 0.5625 0.4462890640625 0.55859375 0.3779296859375 0.54296875 0.3505859359375 0.5126953140625 0.326171875 0.4755859359375 0.32421875 0.4609375 0.3310546859375 0.478515625 0.3564453140625 0.48828125 0.3603515640625 0.486328125 0.3701171859375 0.4716796859375 0.37890625 0.4189453140625 0.388671875 0.3994140640625 0.41015625 0.3798828140625 0.419921875 0.31640625 0.4228515640625 0.326171875 0.4775390640625 0.349609375 0.5146484359375 0.3896484359375 0.548828125 0.421875 0.5498046859375 0.4736328140625 0.54296875 0.5087890640625 0.529296875 0.53515625 0.5068359359375 0.5546875 0.4755859359375
0 0.64453125 0.5634765640625 0.626953125 0.5224609359375 0.6025390640625 0.49609375 0.5654296859375 0.482421875 0.5517578140625 0.484375 0.53515625 0.5087890640625 0.5107421859375 0.529296875 0.4873046859375 0.541015625 0.4462890640625 0.548828125 0.435546875 0.5712890640625 0.4375 0.5849609359375 0.49609375 0.6396484359375 0.5 0.6611328140625 0.486328125 0.6728515640625 0.4912109359375 0.6796875 0.5146484359375 0.689453125 0.556640625 0.6904296859375 0.5849609359375 0.681640625 0.623046875 0.6494140640625 0.64453125 0.5986328140625 0.64453125 0.5634765640625
0 0.736328125 0.4267578140625 0.7236328140625 0.41015625 0.6943359359375 0.396484375 0.6552734359375 0.3984375 0.6220703140625 0.41015625 0.6015625 0.4267578140625 0.587890625 0.4599609359375 0.587890625 0.4814453140625 0.6328125 0.5302734359375 0.646484375 0.5771484359375 0.677734375 0.5830078140625 0.7255859359375 0.5625 0.748046875 0.5400390640625 0.76171875 0.5107421859375 0.736328125 0.4267578140625
0 1 0.1767578140625 0.962890625 0.1376953140625 0.962890625 0.12402343593750001 0.9462890640625 0.1171875 0.9365234359375 0.1171875 0.9267578140625 0.126953125 0.8642578140625 0.130859375 0.8271484359375 0.14453125 0.78125 0.1904296859375 0.76953125 0.2255859359375 0.7734375 0.2841796859375 0.80078125 0.3388671859375 0.8447265640625 0.37109375 0.9140625 0.3798828140625 0.9423828140625 0.373046875 0.9638671859375 0.359375 0.98828125 0.3330078140625 1 0.3095703140625 1 0.1767578140625
0 0.7353515640625 0.169921875 0.6923828140625 0.177734375 0.6552734359375 0.16015625 0.623046875 0.1630859359375 0.630859375 0.2021484359375 0.6533203140625 0.234375 0.6884765640625 0.25390625 0.724609375 0.2548828140625 0.767578125 0.2333984359375 0.783203125 0.1865234359375 0.7763671859375 0.17578125 0.7353515640625 0.169921875
0 0.2314453140625 0.1640625 0.1962890640625 0.205078125 0.1376953140625 0.166015625 0.123046875 0.1865234359375 0.130859375 0.2412109359375 0.154296875 0.2587890640625 0.1728515640625 0.28515625 0.193359375 0.2900390640625 0.2548828140625 0.263671875 0.275390625 0.2373046859375 0.275390625 0.2119140640625 0.2314453140625 0.1640625
0 0 0.1982421859375 0.0146484359375 0.201171875 0.041992185937499996 0.2265625 0.125 0.2412109359375 0.125 0.2021484359375 0.1171875 0.1806640640625 0.07910156406249999 0.1484375 0.043945314062500004 0.146484375 0.0390625 0.1533203140625 0.044921875 0.1787109359375 0.038085935937499996 0.18359375 0 0.1826171859375 0 0.1982421859375
0 0.3046875 0.6806640640625 0.294921875 0.6552734359375 0.2822265640625 0.638671875 0.2255859359375 0.611328125 0.1259765640625 0.607421875 0.07519531406249999 0.623046875 0.044921875 0.6611328140625 0.037109375 0.7001953140625 0.041015625 0.7392578140625 0.0625 0.7978515640625 0.09277343593750001 0.828125 0.1455078140625 0.84375 0.208984375 0.8466796859375 0.2490234359375 0.830078125 0.291015625 0.7744140640625 0.306640625 0.7197265640625 0.3046875 0.6806640640625
0 0.8232421859375 0.740234375 0.8095703140625 0.740234375 0.7783203140625 0.7578125 0.75390625 0.7900390640625 0.767578125 0.8330078140625 0.7900390640625 0.849609375 0.8125 0.8486328140625 0.8427734359375 0.830078125 0.85546875 0.8115234359375 0.845703125 0.7568359359375 0.8232421859375 0.740234375
0 0.7822265640625 0.365234375 0.7353515640625 0.37890625 0.724609375 0.3916015640625 0.72265625 0.4072265640625 0.75 0.4541015640625 0.791015625 0.4580078140625 0.806640625 0.4501953140625 0.8125 0.4345703140625 0.8046875 0.3798828140625 0.7822265640625 0.365234375
0 0.080078125 0.9365234359375 0.072265625 0.9599609359375 0.07714843593750001 1 0.1875 0.9990234359375 0.19140625 0.9541015640625 0.1474609359375 0.91796875 0.09667968593750001 0.923828125 0.080078125 0.9365234359375