0 0.30795218295218296 0.3164062484375 0.2910602910602911 0.3369140625 0.30145530145530147 0.3681640625 0.31314968814968813 0.376953125 0.35862785654885654 0.3798828125 0.3872141372141372 0.3583984375 0.3872141372141372 0.3232421875 0.3781185031185031 0.3164062484375 0.30795218295218296 0.3164062484375
0 0.3443347193347193 0.216796875 0.29235966735966734 0.2265625 0.2754677733887734 0.2412109375 0.2754677733887734 0.2587890625 0.28586278794178793 0.2744140625 0.30015592515592515 0.283203125 0.3196465696465696 0.2841796875 0.34953222453222454 0.2773437515625 0.36382536382536385 0.2626953125 0.36382536382536385 0.2373046875 0.3443347193347193 0.216796875
0 0.2533783783783784 0.2109375 0.229989604989605 0.208984375 0.20270270478170477 0.2275390625 0.2001039501039501 0.2568359375 0.23778586278586278 0.28125 0.2598752598752599 0.2802734375 0.2806652806652807 0.2705078125 0.2754677733887734 0.2412109375 0.28326403326403327 0.2314453125 0.2533783783783784 0.2109375
0 0.1598232848232848 0.306640625 0.13773388773388773 0.3271484375 0.14293139293139293 0.3564453125 0.1546257796257796 0.3671875 0.1949064449064449 0.3759765625 0.2286902286902287 0.3583984375 0.23648648648648649 0.3251953125 0.2247920997920998 0.314453125 0.1598232848232848 0.306640625
0 0.3339397089397089 0.111328125 0.31444906444906445 0.1259765625 0.31444906444906445 0.1513671875 0.32354469854469853 0.162109375 0.35862785654885654 0.1708984375 0.3898128918918919 0.1572265625 0.3976091476091476 0.1279296875 0.3625259875259875 0.11328124843750001 0.3339397089397089 0.111328125
0 0.4119022869022869 0.1015625 0.3924116424116424 0.1220703125 0.3976091476091476 0.1474609375 0.43139293347193347 0.1533203125 0.446985446985447 0.1435546875 0.4495841995841996 0.1220703125 0.4378898128898129 0.107421875 0.4119022869022869 0.1015625
0 0.521049896049896 0.1367187515625 0.5067567567567568 0.1533203125 0.5171517671517671 0.1845703125 0.534043659043659 0.1953125 0.576923079002079 0.1962890625 0.6029106029106029 0.1708984375 0.6003118503118503 0.1416015625 0.5886174636174636 0.1328125 0.521049896049896 0.1367187515625
0 0.7315488565488566 0.1289062484375 0.6795738045738046 0.140625 0.6652806652806653 0.1552734375 0.6704781683991684 0.1787109375 0.6977650727650727 0.1953125 0.7146569646569647 0.1943359375 0.7419438669438669 0.189453125 0.7562370062370062 0.1708984375 0.7536382515592516 0.1455078125 0.7315488565488566 0.1289062484375
0 0.6613825363825364 0.216796875 0.637993762993763 0.21875 0.6185031205821205 0.2373046875 0.6237006237006237 0.2685546875 0.6353950103950103 0.275390625 0.6496881476091476 0.2744140625 0.6691787941787942 0.2539062484375 0.6951663201663202 0.251953125 0.7016632037422037 0.2353515625 0.6613825363825364 0.216796875
0 0.6639812889812889 0.255859375 0.6496881476091476 0.2744140625 0.6600831621621621 0.3037109375 0.6847713097713097 0.3164062484375 0.7224532245322245 0.3154296875 0.7484407484407485 0.2880859375 0.7484407484407485 0.2685546875 0.738045738045738 0.2529296875 0.6639812889812889 0.255859375
0 0.7887214137214137 0.232421875 0.7497401247401247 0.240234375 0.7354469854469855 0.2490234375 0.7484407484407485 0.2822265625 0.777027027027027 0.2861328125 0.7991164241164241 0.28125 0.8082120582120582 0.2685546875 0.8056133076923077 0.2451171875 0.7887214137214137 0.232421875
0 0.5002598752598753 0.3007812484375 0.4781704781704782 0.3212890625 0.4807692307692308 0.3447265625 0.4950623700623701 0.359375 0.5379417879417879 0.3681640625 0.5717255717255717 0.3466796875 0.576923079002079 0.3193359375 0.5626299376299376 0.306640625 0.5002598752598753 0.3007812484375
0 0.650987525987526 0.435546875 0.6366943866943867 0.4541015625 0.6444906444906445 0.4736328125 0.6561850311850311 0.482421875 0.6938669438669439 0.4853515625 0.7172557172557172 0.4697265625 0.7146569646569647 0.4423828125 0.6769750519750519 0.4335937515625 0.650987525987526 0.435546875
0 0.7731288981288982 0.3945312484375 0.7562370062370062 0.4072265625 0.7536382515592516 0.4228515625 0.7653326403326404 0.4375 0.7952182931392932 0.4443359375 0.8186070686070686 0.4326171875 0.8264033284823284 0.4091796875 0.7913201663201663 0.3945312484375 0.7731288981288982 0.3945312484375
0 0.8316008316008316 0.4111328125 0.8575883555093555 0.4326171875 0.854989604989605 0.4501953125 0.8393970893970893 0.4658203125 0.8601871101871101 0.4677734375 0.8835758835758836 0.4423828125 0.8809771309771309 0.4150390625 0.864085239085239 0.4023437515625 0.8316008316008316 0.4111328125
0 0.9589397089397089 0.5556640625 0.9667359667359667 0.5478515625 0.9654365904365905 0.533203125 0.9264553014553014 0.546875 0.9303534324324324 0.5595703125 0.9056652806652806 0.564453125 0.8887733908523908 0.5810546875 0.8991683970893971 0.6123046875 0.9160602910602911 0.623046875 0.932952182952183 0.6240234375 0.9628378378378378 0.623046875 0.9849272349272349 0.5986328125 0.9797297297297297 0.5673828125 0.9589397089397089 0.5556640625
0 0.8147089397089398 0.6328125 0.7705301455301455 0.650390625 0.7562370062370062 0.6650390625 0.7640332661122661 0.6904296875 0.7887214137214137 0.705078125 0.8108108108108109 0.7060546875 0.8406964656964657 0.693359375 0.8497920997920998 0.6787109375 0.8393970893970893 0.6455078125 0.8147089397089398 0.6328125
0 0.8277027027027027 0.4101562484375 0.8160083139293139 0.4345703125 0.7900207900207901 0.4501953125 0.8095114345114345 0.466796875 0.8316008316008316 0.4677734375 0.8523908523908524 0.4560546875 0.8601871101871101 0.4365234375 0.8497920997920998 0.4189453125 0.8277027027027027 0.4101562484375
0 0.6873700623700624 0.640625 0.6730769230769231 0.6591796875 0.6782744282744283 0.6826171875 0.6977650727650727 0.697265625 0.7354469854469855 0.7001953125 0.7588357588357588 0.6865234375 0.7640332661122661 0.6455078125 0.7549376299376299 0.638671875 0.6873700623700624 0.640625
0 0.7679313929313929 0.6953125 0.7263513513513513 0.701171875 0.7146569646569647 0.7138671875 0.7224532245322245 0.7431640625 0.7393451143451143 0.755859375 0.7562370062370062 0.7568359375 0.7887214137214137 0.755859375 0.8108108108108109 0.7294921875 0.8082120582120582 0.7099609375 0.7679313929313929 0.6953125
0 0.9134615384615384 0.734375 0.8874740124740125 0.7382812484375 0.8601871101871101 0.7568359375 0.8575883555093555 0.7783203125 0.8471933492723492 0.7900390625 0.8783783762993763 0.7998046875 0.9108627858627859 0.796875 0.9277546777546778 0.7783203125 0.9303534324324324 0.7548828125 0.9134615384615384 0.734375
0 0.689968814968815 0.7773437515625 0.6756756756756757 0.7939453125 0.6782744282744283 0.8134765625 0.7055613305613305 0.828125 0.7224532245322245 0.8271484375 0.7432432453222453 0.8173828125 0.751039501039501 0.7939453125 0.7107588357588358 0.775390625 0.689968814968815 0.7773437515625
0 0.34953222453222454 0.4765625 0.30795218295218296 0.482421875 0.29625779417879416 0.4951171875 0.30145530145530147 0.5166015625 0.3157484407484408 0.525390625 0.33004158004158 0.5244140625 0.34953222453222454 0.5234375 0.36382536382536385 0.5087890625 0.36382536382536385 0.4892578125 0.34953222453222454 0.4765625
0 0.2663721413721414 0.4726562484375 0.24818087318087317 0.4726562484375 0.22349272557172556 0.4892578125 0.2208939708939709 0.5185546875 0.2351871101871102 0.533203125 0.27286902286902287 0.5439453125 0.3092515592515592 0.5263671875 0.29625779417879416 0.5068359375 0.29885654885654883 0.4873046875 0.2663721413721414 0.4726562484375
0 0.1884095634095634 0.5546875 0.13903326403326402 0.560546875 0.12214137214137215 0.6064453125 0.14423076923076922 0.6210937515625 0.1845114345114345 0.6201171875 0.19750519750519752 0.6142578125 0.2104989604989605 0.5947265625 0.20270270478170477 0.5615234375 0.1884095634095634 0.5546875
0 0.06626819126819126 0.541015625 0.04158004158004158 0.5615234375 0.04417879417879418 0.5869140625 0.055873180873180876 0.599609375 0.09875260083160083 0.6083984375 0.12993762785862786 0.5888671875 0.13773388773388773 0.5615234375 0.12603950103950104 0.5507812484375 0.06626819126819126 0.541015625
0 0.13903326403326402 0.6757812484375 0.11304573804573805 0.677734375 0.09615384615384616 0.6943359375 0.09615384615384616 0.7197265625 0.11044698544698545 0.734375 0.13903326403326402 0.744140625 0.15592515592515593 0.7431640625 0.1897089397089397 0.7158203125 0.15332640332640332 0.7001953125 0.15592515592515593 0.6884765625 0.13903326403326402 0.6757812484375
0 0.2533783783783784 0.638671875 0.2066008316008316 0.6445312484375 0.19230769022869024 0.6611328125 0.19750519750519752 0.6787109375 0.216995841995842 0.693359375 0.24428274636174635 0.6923828125 0.26507276715176714 0.6826171875 0.27286902286902287 0.6689453125 0.26507276715176714 0.6435546875 0.2533783783783784 0.638671875