0 0.0654296875 0.537109375 0.0625 0.5478515625 0.06640625 0.5498046875 0.0654296875 0.537109375
0 0.0546875 0.5810546875 0.0546875 0.5888671875 0.06640625 0.5947265625 0.07421875 0.5849609375 0.0693359375 0.576171875 0.0595703125 0.576171875 0.0546875 0.5810546875
0 0.083984375 0.5498046875 0.0908203125 0.5546875 0.09765625 0.5537109375 0.107421875 0.5419921875 0.1025390625 0.53515625 0.0869140625 0.53515625 0.083984375 0.5498046875
0 0.197265625 0.3955078125 0.201171875 0.4111328125 0.224609375 0.4150390625 0.224609375 0.3896484375 0.2177734375 0.384765625 0.2041015625 0.38671875 0.197265625 0.3955078125
0 0.3662109375 0.4453125 0.359375 0.4501953125 0.357421875 0.4658203125 0.3662109375 0.474609375 0.376953125 0.4736328125 0.384765625 0.4658203125 0.384765625 0.4541015625 0.3720703125 0.4453125 0.3662109375 0.4453125
0 0.4462890625 0.275390625 0.43359375 0.2802734375 0.431640625 0.2880859375 0.4345703125 0.29296875 0.4443359375 0.296875 0.4560546875 0.294921875 0.45703125 0.3056640625 0.47265625 0.3134765625 0.48046875 0.3017578125 0.4677734375 0.28515625 0.4560546875 0.28515625 0.4462890625 0.275390625
0 0.4130859375 0.173828125 0.404296875 0.1845703125 0.404296875 0.1943359375 0.4130859375 0.201171875 0.42578125 0.2001953125 0.431640625 0.1923828125 0.431640625 0.1806640625 0.4228515625 0.173828125 0.4130859375 0.173828125
0 0.2626953125 0.154296875 0.251953125 0.1611328125 0.248046875 0.1708984375 0.2529296875 0.181640625 0.2607421875 0.185546875 0.26953125 0.1845703125 0.279296875 0.1767578125 0.279296875 0.1669921875 0.2705078125 0.15625 0.2626953125 0.154296875
0 0.6630859375 0.30078125 0.654296875 0.3115234375 0.654296875 0.3193359375 0.6591796875 0.326171875 0.673828125 0.3251953125 0.681640625 0.3173828125 0.681640625 0.3095703125 0.6748046875 0.30078125 0.6630859375 0.30078125
0 0.658203125 0.2802734375 0.658203125 0.2900390625 0.6650390625 0.296875 0.673828125 0.2958984375 0.685546875 0.2822265625 0.6787109375 0.271484375 0.6669921875 0.271484375 0.658203125 0.2802734375
0 0.6572265625 0.25390625 0.6484375 0.2646484375 0.650390625 0.2724609375 0.66015625 0.2763671875 0.67578125 0.2685546875 0.67578125 0.2607421875 0.6650390625 0.251953125 0.6572265625 0.25390625
0 0.5732421875 0.208984375 0.5703125 0.2197265625 0.57421875 0.2275390625 0.587890625 0.2275390625 0.595703125 0.2236328125 0.59765625 0.2119140625 0.5888671875 0.205078125 0.5732421875 0.208984375
0 0.5498046875 0.16796875 0.54296875 0.1767578125 0.5458984375 0.189453125 0.556640625 0.1884765625 0.568359375 0.1826171875 0.568359375 0.1728515625 0.5615234375 0.166015625 0.5498046875 0.16796875
0 0.544921875 0.4755859375 0.546875 0.4912109375 0.5625 0.4931640625 0.56640625 0.4873046875 0.564453125 0.4775390625 0.5478515625 0.47265625 0.544921875 0.4755859375
0 0.591796875 0.4267578125 0.5927734375 0.435546875 0.6064453125 0.44140625 0.61328125 0.4404296875 0.6171875 0.4267578125 0.6083984375 0.41796875 0.5986328125 0.419921875 0.591796875 0.4267578125
0 0.4951171875 0.41015625 0.4921875 0.4150390625 0.494140625 0.4267578125 0.4990234375 0.431640625 0.509765625 0.4306640625 0.517578125 0.4248046875 0.517578125 0.4189453125 0.5029296875 0.408203125 0.4951171875 0.41015625
0 0.8154296875 0.2265625 0.806640625 0.2353515625 0.8046875 0.2470703125 0.8115234375 0.25390625 0.828125 0.2529296875 0.8359375 0.2412109375 0.8359375 0.2314453125 0.8232421875 0.224609375 0.8154296875 0.2265625
0 0.7509765625 0.16796875 0.7421875 0.1767578125 0.744140625 0.1904296875 0.751953125 0.1923828125 0.771484375 0.1826171875 0.7734375 0.1728515625 0.7685546875 0.166015625 0.7509765625 0.16796875
0 0.7158203125 0.44921875 0.7109375 0.4541015625 0.7109375 0.4638671875 0.7158203125 0.46875 0.724609375 0.4677734375 0.73046875 0.4638671875 0.73046875 0.4560546875 0.7236328125 0.44921875 0.7158203125 0.44921875
0 0.8642578125 0.1015625 0.857421875 0.1123046875 0.859375 0.1240234375 0.8642578125 0.12890625 0.875 0.1298828125 0.892578125 0.1162109375 0.892578125 0.1044921875 0.8779296875 0.095703125 0.8642578125 0.1015625
0 0.9248046875 0.337890625 0.91796875 0.3466796875 0.91796875 0.3544921875 0.9228515625 0.359375 0.93359375 0.3603515625 0.9423828125 0.357421875 0.94921875 0.3466796875 0.9443359375 0.333984375 0.9248046875 0.337890625
0 0.7080078125 0.111328125 0.6953125 0.1201171875 0.693359375 0.1357421875 0.6962890625 0.138671875 0.71484375 0.1376953125 0.72265625 0.1298828125 0.72265625 0.1220703125 0.7138671875 0.111328125 0.7080078125 0.111328125
0 0.7392578125 0.041015625 0.732421875 0.0478515625 0.73046875 0.0576171875 0.7392578125 0.06640625 0.74609375 0.0654296875 0.755859375 0.0576171875 0.755859375 0.0458984375 0.7509765625 0.041015625 0.7392578125 0.041015625