0 0.3583984375 0.4279749478079332 0.33984375 0.4423277661795407 0.333984375 0.47886221294363257 0.3486328125 0.5010438413361169 0.37109375 0.5049582463465553 0.384765625 0.4945198329853862 0.392578125 0.4658141962421712 0.3779296875 0.43580375782881003 0.3583984375 0.4279749478079332
0 0.3544921875 0.24008350730688935 0.337890625 0.25704592901878914 0.333984375 0.2831419624217119 0.3466796875 0.3079331941544885 0.369140625 0.3144572025052192 0.388671875 0.29097077244258873 0.388671875 0.2596555323590814 0.3779296875 0.24269311064718163 0.3544921875 0.24008350730688935
0 0.4384765625 0.20615866388308976 0.423828125 0.2309498956158664 0.42578125 0.2622651356993737 0.4404296875 0.2818371607515658 0.46875 0.29097077244258873 0.490234375 0.2674843423799583 0.4921875 0.23355949895615866 0.4599609375 0.20615866388308976 0.4384765625 0.20615866388308976
0 0.4951171875 0.3001043841336117 0.4658203125 0.29227557411273486 0.44921875 0.3092379958246347 0.447265625 0.3588204592901879 0.4638671875 0.38100208768267224 0.4921875 0.3927453027139875 0.5068359375 0.3836116910229645 0.517578125 0.36664926931106473 0.51953125 0.3379436325678497 0.4951171875 0.3001043841336117
0 0.37109375 0.2100730688935282 0.3466796875 0.18789144050104384 0.3291015625 0.1931106471816284 0.3203125 0.21268267223382045 0.322265625 0.2413883089770355 0.337890625 0.2544363256784969 0.3486328125 0.24269311064718163 0.3681640625 0.24008350730688935 0.373046875 0.23355949895615866 0.37109375 0.2100730688935282
0 0.2119140625 0.22703549060542796 0.19921875 0.24399791231732776 0.19921875 0.2674843423799583 0.2080078125 0.28444676409185804 0.232421875 0.29097077244258873 0.24609375 0.27792275574112735 0.24609375 0.24399791231732776 0.2294921875 0.22703549060542796 0.2119140625 0.22703549060542796
0 0.0517578125 0.39926931106471814 0.041015625 0.4188413361169102 0.044921875 0.4318893528183716 0.0595703125 0.4488517745302714 0.078125 0.44754697286012524 0.08984375 0.4318893528183716 0.0859375 0.40840292275574114 0.0693359375 0.3940501043841336 0.0517578125 0.39926931106471814
0 0.1005859375 0.5454070981210856 0.09375 0.5597599164926931 0.095703125 0.5701983298538622 0.1044921875 0.5793319415448852 0.1171875 0.5780271398747391 0.130859375 0.56758872651357 0.12890625 0.5441022964509394 0.1103515625 0.5401878914405011 0.1005859375 0.5454070981210856
0 0.8232421875 0.1174321503131524 0.8037109375 0.11482254697286012 0.791015625 0.12917536534446764 0.787109375 0.15005219206680584 0.7919921875 0.1617954070981211 0.80078125 0.1657098121085595 0.8134765625 0.151356993736952 0.828125 0.1552713987473904 0.83203125 0.13700417536534445 0.8232421875 0.1174321503131524
0 0.2099609375 0.15918580375782881 0.205078125 0.13961377870563674 0.1962890625 0.1383089770354906 0.1796875 0.14744258872651356 0.17578125 0.17092901878914404 0.1865234375 0.1931106471816284 0.203125 0.1970250521920668 0.22265625 0.18136743215031315 0.224609375 0.1657098121085595 0.2216796875 0.15918580375782881 0.2099609375 0.15918580375782881
0 0.8427734375 0.3079331941544885 0.833984375 0.3144572025052192 0.830078125 0.33272442588726514 0.8388671875 0.34707724425887265 0.86328125 0.3483820459290188 0.873046875 0.3353340292275574 0.8720703125 0.3157620041753653 0.8583984375 0.3209812108559499 0.8427734375 0.3079331941544885
0 0.83984375 0.29097077244258873 0.8427734375 0.3105427974947808 0.86328125 0.31967640918580376 0.880859375 0.3014091858037578 0.87890625 0.2805323590814196 0.8662109375 0.2687891440501044 0.83984375 0.29097077244258873
0 0.3271484375 0.4384133611691023 0.30859375 0.4605949895615866 0.3046875 0.4866910229645094 0.3212890625 0.511482254697286 0.337890625 0.5127870563674322 0.349609375 0.502348643006263 0.333984375 0.47886221294363257 0.337890625 0.44754697286012524 0.3271484375 0.4384133611691023
0 0.1767578125 0.35490605427974947 0.16796875 0.3640396659707724 0.16796875 0.3796972860125261 0.1787109375 0.3914405010438413 0.189453125 0.3901356993736952 0.197265625 0.3849164926931106 0.19921875 0.3718684759916493 0.1904296875 0.3575156576200417 0.1767578125 0.35490605427974947
0 0.1533203125 0.3235908141962422 0.1484375 0.3457724425887265 0.1572265625 0.3575156576200417 0.169921875 0.3588204592901879 0.181640625 0.3483820459290188 0.1796875 0.33272442588726514 0.1669921875 0.3209812108559499 0.1533203125 0.3235908141962422